11
14
25
45
52
55
57
69
73
77
80
94
113
117
130
133
165
167
170
171
173
174
175
176
187
195
220
236
237
243
247
268
270
296
301
302
317
323
324
329
336
347
349
367
370
381
386
392
413
416
422
444
449
457
475
480
485
486
489
490
493
503
506
510
511
515
520
532
533
550
553
569
578
594
598
617
619
620
621
625
641
651
653
667
672
673
680
681
700
702
707
725
743
745
749
753
755
778
789
793
799
802
807
808
813
841
849
852
856
885
898
900
906
907
908
913
925
933
949
953
956
958
968
977
979
981
982
985
988
991
993
1000
1003
1009
1012
1016
1017
1018
1022
1029
1034
1042
1044
1054
1058
1059
1075
1091
1093
1095
1109
1112
1116
1124
1128
1129
1134
1135
1143
1146
1155
1157
1169
1177
1186
1197
1202
1209
1231
1236
1240
1243
1246
1252
1259
1273
1279
1283
1289
1294
1300
1308
1319
1321
1326
1332
1337
1356
1358
1370
1374
1383
1399
1412
1413
1414
1421
1422
1427
1436
1437
1455
1469
1488
1492
1496
1503
1521
1522
1529
1530
1549
1550
1558
1561
1568
1569
1571
1577
1578
1593
1596
1601
1603
1604
1631
1636
1637
1650
1652
1658
1661
1664
1670
1675
1686
1690
1694
1705
1713
1720
1723
1746
1752
1766
1787
1813
1840
1844
1855
1858
1900
1906
1907
1908
1919
1924
1929
1930
1941
1955
1957
1961
1962
1994
1999
2010
2016
2020
2033
2048
2057
2078
2083
2088
2095
2099
2101
2109
2116
2137
2141
2142
2144
2159
2160
2163
2168
2169
2173
2184
2186
2187
2198
2226
2233
2234
2238
2247
2253
2258
2264
2266
2267
2270
2274
2276
2277
2279
2280
2281
2287
2295
2312
2315
2316
2338
2339
2361
2365
2376
2379
2386
2388
2392
2393
2395
2407
2416
2417
2421
2430
2438
2447
2450
2451
2462
2474
2484
2485
2490
2491
2501
2504
2518
2525
2527
2528
2548
2556
2566
2572
2579
2592
2627
2633
2635
2638
2648
2665
2678
2687
2689
2701
2706
2715
2717
2721
2722
2725
2728
2730
2735
2741
2745
2748
2749
2755
2761
2769
2783
2814
2822
2824
2828
2830
2840
2854
2859
2863
2865
2867
2879
2883
2899
2903
2904
2907
2909
2917
2924
2932
2934
2936
2940
2951
2959
2962
2966
2989
2991
3035
3037
3039
3043
3044
3046
3048
3052
3060
3064
3088
3089
3097
3106
3117
3121
3126
3137
3147
3153
3170
3173
3175
3177
3191
3196
3211
3216
3217
3225
3228
3234
3235
3256
3266
3270
3275
3284
3294
3303
3320
3326
3331
3333
3340
3345
3350
3355
3372
3373
3378
3383
3385
3417
3419
3434
3439
3440
3458
3461
3464
3466
3471
3494
3497
3514
3516
3531
3532
3538
3541
3545
3547
3551
3564
3568
3581
3584
3591
3595
3615
3625
3626
3635
3643
3646
3647
3649
3656
3660
3676
3678
3680
3686
3692
3697
3715
3720
3731
3733
3742
3754
3763
3765
3776
3781
3782
3788
3826
3851
3859
3867
3886
3908
3925
3932
3933
3937
3938
3942
3954
3958
3988
3992
3999
4014
4015
4031
4039
4040
4045
4061
4066
4070
4071
4084
4095
4105
4113
4120
4154
4178
4181
4186
4189
4199
4206
4214
4217
4231
4234
4247
4248
4255
4266
4271
4278
4280
4282
4283
4318
4320
4329
4340
4351
4362
4364
4368
4403
4418
4424
4427
4440
4450
4457
4459
4475
4476
4479
4492
4496
4508
4523
4526
4532
4536
4548
4549
4551
4563
4567
4570
4574
4585
4586
4596
4605
4608
4622
4628
4631
4636
4639
4645
4658
4660
4668
4670
4678
4696
4697
4708
4714
4720
4722
4729
4754
4758
4767
4777
4781
4797
4804
4807
4810
4814
4818
4827
4830
4833
4841
4843
4864
4866
4868
4872
4873
4896
4901
4922
4933
4939
4940
4944
4952
4962
4973
4977
4988
4989
4991
4995
5002
5019
5021
5034
5046
5058
5072
5076
5078
5085
5089
5092
5097
5125
5128
5153
5160
5165
5172
5179
5188
5189
5198
5203
5214
5215
5222
5234
5238
5239
5240
5241
5243
5264
5273
5276
5281
5292
5299
5302
5308
5316
5324
5329
5350
5355
5357
5364
5365
5378
5379
5383
5392
5397
5409
5425
5441
5450
5467
5472
5473
5494
5498
5509
5511
5515
5525
5536
5538
5558
5581
5583
5584
5589
5600
5608
5615
5629
5635
5636
5640
5643
5646
5665
5667
5669
5684
5687
5688
5692
5716
5717
5726
5729
5742
5743
5744
5748
5751
5761
5800
5804
5824
5826
5829
5835
5837
5855
5858
5862
5880
5882
5909
5927
5937
5960
5965
5969
5974
5981
6001
6002
6007
6009
6021
6022
6033
6038
6045
6050
6051
6057
6060
6073
6081
6086
6089
6090
6092
6112
6123
6130
6132
6150
6152
6157
6159
6163
6173
6175
6176
6184
6202
6208
6212
6215
6216
6224
6236
6242
6252
6279
6283
6289
6298
6299
6310
6323
6336
6338
6354
6355
6366
6378
6387
6391
6397
6400
6405
6414
6420
6430
6431
6433
6435
6436
6439
6485
6495
6499
6512
6519
6525
6534
6545
6550
6563
6573
6574
6577
6588
6606
6607
6611
6612
6627
6631
6635
6644
6649
6655
6658
6671
6674
6675
6683
6686
6687
6688
6691
6702
6705
6708
6710
6719
6734
6739
6747
6762
6769
6772
6779
6782
6783
6784
6797
6799
6803
6807
6824
6830
6839
6841
6843
6844
6852
6853
6865
6868
6877
6886
6887
6897
6901
6903
6924
6935
6938
6940
6949
6953
6956
6958
6985
6989
6994
7008
7011
7019
7020
7033
7038
7046
7047
7054
7079
7102
7104
7114
7119
7123
7130
7132
7153
7157
7165
7177
7181
7182
7193
7195
7198
7201
7205
7207
7212
7217
7219
7223
7227
7241
7242
7248
7255
7262
7265
7268
7271
7280
7284
7300
7301
7302
7315
7324
7325
7357
7362
7370
7373
7390
7398
7399
7400
7405
7406
7411
7421
7425
7429
7431
7439
7443
7456
7457
7459
7465
7489
7490
7504
7515
7516
7520
7536
7541
7558
7560
7577
7583
7596
7607
7617
7621
7623
7624
7641
7644
7651
7660
7663
7676
7679
7680
7681
7701
7722
7728
7732
7784
7788
7791
7792
7797
7808
7825
7836
7837
7848
7865
7870
7877
7908
7923
7926
7936
7941
7961
7962
7978
7986
7987
7995
