17
18
35
64
78
93
96
97
98
108
127
135
137
147
153
157
163
172
185
188
193
200
217
242
251
256
264
273
277
281
288
289
304
308
309
310
315
318
326
333
335
353
358
360
373
378
395
397
410
412
435
442
445
447
455
459
462
466
471
472
482
483
484
513
525
529
534
543
551
552
581
588
592
593
612
613
622
633
639
650
657
661
666
669
687
701
706
714
719
722
724
744
748
764
767
768
796
797
835
840
842
847
859
863
866
869
875
879
881
888
896
910
917
920
921
922
932
937
959
980
997
1001
1004
1006
1010
1019
1028
1030
1033
1071
1073
1078
1083
1086
1094
1101
1132
1191
1192
1198
1217
1222
1223
1229
1272
1278
1280
1288
1297
1307
1331
1346
1352
1353
1354
1357
1363
1364
1372
1379
1386
1392
1394
1407
1428
1445
1473
1475
1479
1480
1482
1485
1497
1498
1516
1518
1534
1539
1552
1553
1554
1559
1563
1574
1580
1581
1583
1589
1595
1602
1610
1616
1620
1625
1630
1640
1671
1673
1684
1687
1698
1703
1708
1716
1724
1730
1731
1736
1737
1741
1748
1754
1757
1758
1762
1775
1780
1782
1788
1792
1808
1809
1815
1826
1846
1848
1872
1877
1878
1879
1892
1901
1915
1935
1946
1947
1953
1954
1959
1979
1982
1985
2011
2018
2019
2022
2027
2052
2076
2091
2098
2100
2108
2122
2123
2125
2130
2132
2134
2161
2182
2195
2202
2212
2219
2225
2242
2245
2252
2262
2288
2290
2305
2309
2321
2334
2336
2346
2355
2377
2398
2400
2404
2409
2415
2426
2431
2440
2442
2455
2459
2464
2467
2479
2481
2516
2529
2540
2560
2561
2562
2575
2580
2589
2600
2602
2613
2625
2634
2641
2657
2673
2690
2692
2707
2710
2729
2737
2738
2747
2754
2767
2774
2793
2794
2799
2806
2809
2818
2833
2834
2837
2842
2844
2856
2866
2870
2875
2882
2884
2898
2906
2911
2923
2929
2935
2939
2941
2947
2953
2982
2990
2996
3015
3022
3032
3054
3071
3076
3079
3081
3093
3094
3096
3102
3107
3123
3135
3139
3146
3187
3189
3199
3231
3241
3249
3263
3267
3278
3282
3288
3292
3297
3298
3305
3310
3311
3342
3347
3357
3358
3361
3365
3380
3391
3394
3395
3401
3402
3404
3406
3408
3409
3410
3429
3430
3432
3438
3441
3454
3455
3456
3468
3476
3488
3489
3490
3501
3505
3507
3508
3517
3519
3528
3540
3560
3575
3578
3583
3600
3602
3611
3613
3623
3629
3640
3641
3650
3651
3654
3657
3659
3663
3665
3677
3698
3699
3719
3723
3738
3743
3745
3747
3750
3751
3762
3766
3770
3783
3785
3791
3794
3802
3818
3839
3847
3848
3857
3858
3866
3874
3881
3894
3901
3903
3906
3922
3929
3946
3959
3967
3977
3981
3991
3997
4001
4007
4029
4044
4055
4059
4090
4097
4098
4101
4102
4114
4116
4118
4127
4128
4129
4133
4135
4140
4142
4163
4166
4171
4187
4207
4208
4242
4245
4249
4256
4268
4281
4286
4289
4296
4297
4298
4304
4308
4312
4317
4323
4331
4333
4335
4338
4344
4346
4347
4357
4361
4365
4366
4377
4378
4407
4416
4417
4443
4445
4453
4461
4472
4485
4488
4490
4509
4513
4514
4520
4521
4533
4537
4557
4566
4573
4590
4592
4595
4597
4599
4607
4620
4626
4640
4644
4649
4655
4671
4675
4676
4683
4684
4689
4691
4712
4713
4716
4731
4742
4743
4755
4760
4768
4770
4773
4795
4801
4805
4821
4823
4825
4831
4837
4846
4847
4849
4851
4857
4859
4867
4876
4878
4899
4902
4906
4919
4920
4926
4932
4936
4937
4948
4950
4976
4979
4992
5005
5006
5011
5012
5013
5025
5044
5049
5050
5053
5056
5057
5065
5073
5093
5096
5113
5114
5117
5118
5144
5154
5156
5158
5196
5201
5213
5219
5223
5230
5248
5251
5255
5260
5267
5270
5271
5272
5285
5289
5301
5306
5311
5321
5336
5341
5343
5359
5368
5369
5373
5375
5376
5384
5389
5408
5421
5431
5437
5444
5460
5463
5479
5481
5487
5493
5504
5533
5539
5545
5561
5568
5573
5575
5576
5587
5599
5604
5609
5613
5616
5622
5628
5634
5656
5660
5673
5678
5682
5703
5708
5709
5711
5718
5723
5733
5746
5754
5758
5780
5785
5790
5803
5817
5822
5823
5843
5845
5852
5861
5870
5881
5889
5891
5893
5894
5898
5903
5911
5913
5918
5921
5922
5925
5932
5939
5946
5950
5953
5959
5968
5973
5978
5986
5990
5991
5995
6014
6016
6029
6034
6037
6040
6055
6056
6063
6072
6077
6082
6083
6102
6114
6119
6129
6134
6149
6154
6160
6165
6182
6194
6195
6200
6206
6235
6237
6238
6239
6254
6259
6265
6267
6270
6273
6280
6281
6282
6284
6291
6327
6334
6346
6349
6371
6373
6375
6376
6394
6398
6410
6415
6418
6447
6452
6457
6458
6460
6477
6478
6505
6506
6509
6510
6523
6536
6538
6546
6567
6575
6579
6597
6601
6610
6620
6622
6625
6626
6629
6636
6654
6660
6670
6676
6679
6685
6694
6698
6707
6717
6723
6730
6732
6740
6746
6756
6761
6767
6781
6792
6796
6800
6812
6814
6817
6835
6837
6840
6862
6863
6864
6866
6869
6876
6878
6891
6893
6906
6914
6915
6926
6930
6931
6947
6948
6968
6969
6975
6976
6977
6988
6999
7007
7010
7016
7018
7055
7058
7073
7074
7078
7080
7086
7089
7101
7117
7118
7120
7121
7139
7141
7142
7144
7149
7156
7169
7184
7185
7214
7215
7216
7244
7249
7250
7257
7264
7274
7277
7282
7287
7288
7291
7298
7303
7326
7332
7346
7348
7351
7353
7358
7376
7381
7396
7397
7419
7433
7451
7455
7469
7483
7485
7486
7501
7502
7509
7519
7521
7524
7531
7533
7542
7551
7559
7571
7573
7574
7581
7590
7612
7619
7622
7646
7652
7653
7662
7671
7672
7677
7678
7688
7706
7717
7720
7760
7764
7771
7772
7777
7778
7789
7794
7807
7814
7815
7816
7829
7830
7833
7843
7859
7863
7869
7891
7907
7911
7914
7915
7920
7922
7929
7938
7939
7942
7946
7954
7960
7972
7989
7991
