16
23
28
31
37
42
65
66
72
76
86
90
95
101
105
106
119
121
123
125
131
132
138
139
140
145
159
160
178
179
181
197
207
228
229
234
238
239
248
258
261
265
271
274
278
280
290
295
313
319
328
337
341
344
355
359
368
374
375
384
391
394
409
427
432
438
440
441
451
456
461
474
476
481
487
488
501
505
521
545
547
557
574
580
583
595
599
600
604
608
615
618
629
636
642
655
665
668
686
703
710
721
732
734
736
738
746
780
809
814
816
818
831
834
836
858
861
874
878
899
915
918
919
923
934
939
965
974
986
989
999
1005
1013
1021
1032
1036
1041
1047
1064
1090
1099
1108
1131
1149
1168
1175
1187
1190
1218
1224
1232
1238
1242
1244
1247
1250
1253
1255
1257
1269
1275
1277
1302
1311
1314
1318
1323
1324
1327
1340
1349
1355
1368
1375
1380
1387
1393
1405
1409
1415
1417
1418
1429
1439
1441
1443
1446
1448
1451
1452
1453
1460
1465
1471
1478
1483
1487
1495
1515
1523
1528
1535
1541
1566
1584
1587
1597
1599
1600
1623
1624
1633
1634
1635
1647
1656
1659
1660
1678
1680
1688
1707
1719
1727
1732
1734
1738
1745
1747
1750
1751
1767
1774
1776
1791
1793
1805
1810
1811
1822
1830
1842
1850
1851
1867
1882
1899
1922
1943
1950
1960
1986
1990
1991
2002
2007
2017
2025
2026
2028
2034
2036
2043
2046
2054
2065
2069
2071
2085
2086
2103
2106
2107
2115
2124
2129
2131
2133
2135
2145
2147
2154
2157
2164
2165
2166
2176
2180
2189
2197
2205
2220
2221
2228
2235
2255
2263
2269
2272
2273
2282
2297
2306
2318
2322
2333
2337
2349
2350
2359
2368
2372
2383
2391
2401
2405
2422
2428
2429
2437
2444
2446
2448
2453
2460
2463
2466
2486
2488
2496
2506
2511
2513
2530
2533
2539
2559
2564
2569
2590
2611
2612
2629
2632
2639
2654
2655
2680
2688
2709
2713
2727
2758
2766
2771
2786
2788
2789
2790
2791
2812
2813
2829
2835
2843
2855
2860
2862
2869
2871
2874
2876
2881
2885
2891
2892
2896
2933
2945
2946
2964
2968
2969
2971
2975
2976
2978
2988
2993
2994
2997
3000
3003
3011
3018
3024
3027
3056
3059
3073
3074
3083
3085
3095
3103
3105
3114
3115
3120
3122
3132
3138
3142
3152
3158
3161
3195
3198
3202
3207
3220
3223
3227
3237
3248
3262
3265
3268
3285
3293
3302
3309
3318
3321
3330
3338
3343
3348
3351
3352
3362
3369
3371
3377
3397
3399
3415
3418
3422
3427
3428
3445
3451
3452
3457
3462
3472
3486
3500
3510
3522
3524
3530
3534
3535
3563
3567
3570
3573
3585
3587
3597
3614
3621
3627
3630
3645
3664
3673
3675
3682
3684
3685
3689
3702
3705
3706
3708
3712
3714
3724
3725
3727
3732
3744
3758
3761
3767
3772
3774
3790
3795
3805
3809
3823
3830
3835
3842
3849
3853
3862
3872
3880
3907
3910
3923
3927
3934
3935
3943
3950
3952
3955
3956
3970
3975
3987
3994
4008
4012
4019
4026
4051
4069
4078
4085
4096
4111
4123
4124
4146
4147
4161
4191
4204
4213
4216
4222
4226
4250
4257
4269
4290
4291
4299
4303
4314
4319
4322
4327
4330
4336
4337
4343
4350
4363
4367
4373
4376
4380
4382
4391
4395
4402
4412
4413
4421
4429
4432
4434
4449
4452
4465
4471
4473
4480
4497
4503
4518
4535
4546
4565
4582
4583
4602
4627
4637
4642
4646
4659
4688
4693
4698
4702
4718
4735
4737
4741
4745
4750
4751
4763
4765
4769
4774
4784
4788
4790
4809
4811
4848
4883
4887
4891
4898
4912
4915
4917
4918
4961
4963
4964
4994
5017
5024
5036
5051
5064
5105
5119
5135
5145
5150
5152
5162
5170
5173
5176
5186
5194
5204
5208
5211
5220
5224
5228
5232
5246
5249
5257
5268
5274
5280
5287
5297
5309
5312
5317
5322
5323
5326
5327
5328
5335
5351
5361
5381
5382
5393
5395
5396
5411
5413
5414
5415
5419
5426
5436
5440
5443
5457
5466
5482
5497
5510
5524
5537
5540
5543
5569
5570
5572
5574
5598
5603
5606
5625
5632
5633
5637
5638
5641
5649
5657
5677
5695
5705
5706
5714
5720
5727
5734
5756
5760
5763
5765
5781
5782
5793
5805
5816
5825
5828
5834
5841
5842
5847
5854
5857
5876
5900
5924
5928
5930
5936
5944
5945
5957
5963
5980
5983
5988
5989
5994
5999
6024
6039
6070
6085
6087
6095
6096
6098
6101
6110
6121
6136
6141
6151
6161
6166
6167
6174
6207
6220
6222
6229
6246
6247
6258
6260
6274
6296
6297
6305
6320
6330
6339
6342
6345
6348
6359
6367
6382
6385
6388
6392
6395
6407
6408
6413
6417
6426
6428
6445
6454
6466
6470
6472
6475
6476
6483
6487
6502
6511
6515
6528
6529
6533
6542
6555
6564
6565
6576
6578
6598
6608
6619
6621
6639
6647
6653
6662
6692
6696
6703
6706
6718
6722
6741
6755
6760
6765
6766
6778
6793
6795
6811
6816
6829
6831
6846
6854
6856
6861
6871
6872
6874
6879
6884
6885
6889
6895
6909
6910
6911
6912
6913
6916
6922
6928
6936
6939
6944
6952
6962
6965
6973
6978
6984
6986
6987
6990
7001
7023
7031
7039
7042
7062
7066
7088
7099
7103
7107
7111
7122
7124
7129
7152
7159
7160
7161
7166
7178
7188
7189
7196
7210
7237
7266
7267
7269
7275
7285
7294
7296
7297
7304
7309
7310
7311
7330
7340
7349
7356
7374
7379
7386
7392
7402
7414
7430
7434
7447
7460
7476
7479
7480
7482
7488
7491
7507
7512
7527
7537
7543
7545
7547
7554
7557
7572
7585
7586
7589
7594
7595
7609
7610
7636
7643
7655
7657
7665
7694
7697
7708
7714
7723
7731
7733
7742
7747
7748
7769
7773
7786
7799
7803
7804
7810
7811
7812
7813
7832
7834
7858
7871
7879
7888
7889
7899
7913
7916
7935
7944
7950
7965
7966
7970
7973
7974
7979
7980
7981
7982
7985
7998
7999
