0
5
12
13
16
24
28
29
32
34
39
49
50
65
72
76
81
84
110
119
121
123
134
136
138
139
146
158
160
166
178
179
180
183
186
189
196
228
229
231
233
246
248
254
269
271
274
275
278
285
287
291
295
311
314
321
330
342
343
344
359
363
365
368
372
374
375
383
403
406
428
430
431
434
450
461
467
473
476
501
514
517
544
547
555
563
564
573
575
587
604
610
614
615
616
624
636
654
668
686
710
711
727
730
732
734
738
739
746
751
761
772
774
775
776
780
782
784
787
795
801
804
809
818
822
824
830
831
834
836
843
858
860
861
870
897
905
912
915
916
926
934
936
943
946
947
948
960
976
983
1005
1013
1014
1023
1036
1039
1051
1063
1069
1076
1081
1088
1090
1110
1117
1118
1120
1130
1136
1139
1149
1158
1168
1188
1199
1200
1210
1211
1213
1215
1216
1218
1224
1227
1233
1235
1238
1242
1247
1274
1275
1277
1286
1290
1291
1292
1298
1299
1304
1311
1324
1329
1342
1344
1349
1359
1361
1362
1391
1395
1401
1408
1415
1423
1426
1430
1431
1441
1444
1450
1451
1460
1461
1470
1471
1478
1495
1507
1515
1520
1523
1528
1531
1537
1540
1542
1543
1546
1572
1573
1585
1587
1598
1607
1611
1613
1614
1617
1619
1624
1635
1642
1643
1644
1660
1667
1672
1678
1681
1689
1692
1695
1707
1711
1715
1718
1721
1733
1738
1751
1753
1767
1768
1769
1776
1778
1784
1789
1794
1799
1801
1806
1812
1819
1830
1835
1836
1838
1843
1851
1875
1880
1883
1890
1897
1898
1905
1909
1922
1926
1940
1944
1950
1960
1963
1966
1967
1970
1972
1981
1986
1997
2003
2021
2026
2032
2035
2036
2041
2043
2045
2046
2051
2053
2066
2070
2072
2086
2089
2090
2103
2106
2115
2120
2133
2135
2143
2152
2164
2166
2180
2189
2191
2196
2197
2211
2217
2220
2227
2240
2246
2254
2255
2261
2263
2265
2268
2272
2273
2299
2300
2307
2311
2320
2337
2362
2368
2369
2374
2380
2383
2389
2390
2397
2399
2401
2402
2405
2406
2414
2418
2423
2424
2434
2437
2444
2448
2454
2458
2463
2468
2472
2477
2480
2492
2506
2508
2513
2519
2530
2537
2539
2544
2547
2559
2565
2576
2577
2578
2591
2594
2595
2599
2606
2608
2619
2621
2622
2632
2636
2655
2658
2659
2670
2680
2691
2696
2700
2705
2709
2711
2712
2713
2718
2740
2742
2766
2775
2777
2779
2780
2785
2804
2808
2821
2839
2847
2850
2853
2858
2860
2862
2868
2871
2874
2876
2877
2889
2894
2895
2901
2912
2918
2919
2930
2937
2938
2945
2946
2948
2957
2958
2961
2964
2973
2976
2978
2993
2994
3000
3009
3011
3018
3019
3023
3024
3025
3027
3033
3050
3055
3062
3066
3068
3069
3073
3085
3086
3100
3105
3108
3111
3113
3116
3120
3125
3127
3131
3140
3141
3149
3150
3155
3162
3164
3165
3174
3192
3197
3202
3204
3207
3209
3212
3214
3215
3223
3240
3244
3246
3252
3269
3273
3274
3280
3287
3295
3304
3309
3330
3343
3346
3348
3351
3352
3366
3367
3375
3377
3381
3387
3390
3397
3407
3423
3435
3450
3451
3459
3465
3470
3480
3483
3499
3500
3506
3511
3515
3520
3522
3524
3525
3527
3529
3534
3546
3548
3550
3559
3570
3572
3576
3582
3585
3586
3588
3589
3608
3610
3612
3614
3620
3636
3644
3652
3662
3664
3669
3674
3675
3682
3683
3685
3687
3693
3695
3696
3703
3705
3708
3712
3714
3716
3718
3722
3732
3749
3753
3757
3760
3767
3775
3790
3793
3814
3816
3822
3823
3834
3843
3853
3856
3861
3864
3869
3873
3902
3904
3910
3924
3927
3928
3951
3956
3961
3970
3972
3979
3980
3987
3989
3994
4008
4009
4011
4013
4016
4019
4022
4023
4025
4042
4046
4049
4051
4058
4063
4069
4072
4073
4075
4076
4077
4079
4081
4089
4092
4096
4099
4110
4111
4117
4123
4131
4136
4138
4145
4149
4151
4165
4168
4173
4174
4177
4180
4183
4194
4196
4204
4209
4211
4213
4226
4227
4236
4237
4251
4264
4270
4273
4275
4276
4290
4300
4302
4303
4315
4319
4327
4336
4339
4342
4345
4348
4353
4360
4369
4372
4374
4375
4382
4383
4389
4395
4408
4412
4413
4415
4421
4428
4430
4433
4434
4448
4449
4468
4469
4473
4474
4482
4495
4497
4511
4515
4525
4529
4530
4535
4540
4543
4546
4561
4565
4575
4578
4584
4587
4589
4610
4611
4632
4635
4647
4651
4654
4659
4664
4667
4669
4680
4685
4688
4693
4702
4703
4705
4721
4727
4728
4732
4737
4741
4745
4747
4752
4759
4763
4774
4776
4780
4782
4784
4787
4788
4803
4808
4817
4848
4853
4856
4863
4869
4887
4888
4898
4912
4915
4916
4917
4927
4929
4935
4941
4942
4954
4955
4957
4963
4983
4994
4999
5014
5017
5018
5023
5024
5032
5036
5043
5048
5055
5064
5070
5074
5077
5080
5083
5087
5088
5095
5100
5101
5103
5104
5119
5120
5122
5123
5142
5155
5162
5163
5178
5183
5186
5194
5202
5205
5208
5210
5211
5220
5232
5233
5236
5237
5244
5245
5258
5265
5269
5275
5280
5282
5286
5293
5295
5297
5298
5309
5312
5313
5317
5322
5323
5325
5330
5332
5335
5348
5363
5371
5391
5393
5394
5398
5403
5410
5412
5414
5415
5419
5436
5438
5443
5445
5446
5454
5457
5458
5475
5502
5505
5506
5507
5512
5513
5521
5522
5524
5527
5529
5537
5552
5555
5562
5564
5569
5570
5588
5590
5597
5606
5610
5617
5624
5625
5632
5641
5642
5651
5666
5671
5672
5676
5695
5699
5701
5720
5721
5734
5752
5756
5757
5765
5772
5787
5793
5805
5807
5814
5816
5827
5828
5832
5848
5849
5851
5857
5865
5868
5875
5877
5886
5890
5892
5897
5907
5915
5919
5928
5936
5952
5963
5964
5971
5980
5984
5987
5992
5994
6031
6041
6042
6044
6049
6053
6062
6069
6078
6095
6100
6103
6105
6107
6108
6111
6117
6121
6148
6151
6155
6158
6161
6162
6167
6183
6192
6219
6226
6230
6234
6244
6246
6248
6249
6256
6258
6260
6264
6269
6271
6274
6285
6288
6296
6297
6306
6307
6314
6329
6335
6337
6339
6340
6345
6348
6352
6353
6356
6363
6379
6383
6395
6396
6406
6412
6413
6417
6426
6428
6438
6440
6442
6443
6446
6453
6454
6470
6474
6475
6476
6480
6487
6488
6491
6493
6498
6514
6529
6532
6533
6541
6549
6553
6556
6561
6565
6578
6582
6586
6594
6608
6619
6623
6632
6634
6645
6650
6651
6652
6667
6680
6696
6701
6711
6724
6726
6748
6749
6751
6755
6757
6765
6773
6806
6811
6815
6818
6825
6826
6842
6845
6848
6850
6856
6861
6871
6874
6879
6880
6895
6896
6909
6927
6936
6937
6943
6945
6955
6962
6974
6984
6986
6990
6995
7000
7001
7023
7028
7030
7031
7034
7037
7042
7044
7052
7053
7059
7064
7067
7075
7087
7088
7098
7099
7110
7113
7115
7124
7125
7128
7140
7145
7148
7152
7154
7155
7160
7161
7164
7166
7168
7170
7173
7183
7189
7208
7218
7221
7229
7231
7232
7235
7246
7247
7253
7261
7270
7292
7294
7304
7308
7309
7311
7317
7318
7321
7322
7327
7333
7334
7337
7366
7368
7369
7374
7382
7391
7402
7404
7414
7418
7420
7424
7427
7434
7436
7437
7442
7444
7454
7461
7467
7471
7480
7482
7492
7493
7494
7498
7505
7507
7522
7523
7527
7538
7544
7547
7566
7572
7582
7584
7588
7594
7602
7606
7610
7613
7616
7635
7643
7648
7654
7655
7657
7658
7664
7666
7673
7704
7721
7730
7734
7735
7736
7740
7743
7745
7747
7748
7749
7754
7756
7763
7786
7795
7799
7800
7802
7805
7806
7811
7813
7817
7818
7819
7828
7834
7839
7841
7849
7866
7871
7876
7885
7887
7888
7896
7903
7906
7909
7917
7933
7934
7945
7965
7966
7970
7974
7977
7979
7994
7997
7998
7999
