26
36
43
46
61
62
67
91
107
118
141
143
162
199
203
213
219
221
225
241
245
253
255
263
272
276
286
293
312
328
334
357
369
377
400
421
424
478
479
495
499
507
523
526
542
560
565
577
579
635
670
678
688
695
698
704
709
723
735
741
758
771
783
798
806
811
820
833
851
867
887
901
911
944
967
973
984
990
995
1008
1026
1038
1062
1077
1084
1085
1097
1098
1106
1111
1127
1141
1151
1159
1171
1183
1204
1206
1220
1228
1267
1282
1285
1310
1312
1320
1328
1330
1334
1335
1345
1347
1373
1377
1381
1385
1398
1404
1449
1456
1463
1466
1467
1494
1504
1511
1513
1526
1527
1556
1570
1576
1592
1594
1605
1638
1649
1654
1679
1706
1709
1710
1712
1717
1747
1761
1763
1765
1770
1781
1783
1800
1807
1816
1825
1831
1833
1866
1868
1869
1874
1895
1914
1920
1925
1949
1952
1977
1978
2001
2005
2015
2028
2030
2042
2044
2074
2080
2149
2153
2172
2177
2181
2185
2210
2214
2216
2236
2237
2243
2256
2282
2286
2304
2330
2332
2341
2342
2343
2352
2354
2363
2370
2396
2420
2469
2478
2499
2503
2510
2517
2523
2524
2535
2536
2554
2558
2564
2574
2581
2586
2588
2596
2603
2609
2614
2624
2642
2664
2693
2699
2708
2714
2732
2739
2750
2753
2778
2784
2803
2826
2831
2843
2845
2857
2864
2897
2902
2921
2926
2942
2970
2971
2972
2980
3001
3014
3021
3047
3070
3090
3098
3103
3118
3119
3128
3129
3133
3151
3156
3159
3176
3179
3193
3194
3222
3224
3230
3232
3239
3254
3258
3260
3264
3277
3286
3293
3296
3307
3315
3322
3327
3335
3337
3341
3349
3360
3368
3414
3424
3453
3463
3479
3481
3482
3491
3498
3518
3521
3523
3542
3556
3561
3592
3594
3609
3617
3619
3628
3632
3667
3670
3673
3701
3709
3730
3748
3759
3764
3778
3799
3803
3827
3842
3844
3854
3863
3876
3880
3885
3905
3915
3940
3941
3947
3949
3963
3975
3976
3985
3998
4002
4018
4021
4032
4036
4043
4054
4067
4094
4108
4109
4115
4122
4137
4141
4144
4148
4155
4157
4162
4164
4182
4190
4210
4215
4221
4239
4240
4253
4293
4295
4316
4332
4358
4373
4379
4381
4386
4394
4409
4422
4438
4442
4454
4462
4467
4478
4489
4499
4522
4531
4538
4547
4562
4564
4579
4588
4591
4593
4594
4601
4603
4604
4624
4646
4657
4663
4687
4700
4707
4717
4740
4746
4753
4779
4800
4806
4832
4842
4854
4855
4860
4861
4871
4884
4904
4908
4909
4913
4914
4943
4946
4953
4967
4970
4978
4980
4985
4998
5001
5008
5016
5026
5030
5042
5059
5066
5067
5069
5075
5099
5111
5112
5116
5132
5141
5148
5157
5161
5167
5174
5184
5187
5209
5212
5227
5235
5247
5284
5290
5291
5304
5305
5333
5337
5339
5347
5354
5356
5362
5372
5390
5429
5434
5442
5451
5455
5459
5468
5469
5476
5480
5496
5499
5520
5526
5528
5530
5534
5544
5550
5551
5578
5594
5601
5623
5644
5650
5675
5686
5690
5696
5707
5715
5739
5745
5750
5755
5768
5769
5770
5773
5775
5788
5795
5798
5801
5806
5818
5821
5831
5850
5859
5867
5888
5916
5931
5941
5943
5951
5956
5962
5966
5977
5985
6013
6017
6026
6046
6047
6052
6064
6067
6074
6088
6106
6115
6125
6143
6144
6145
6179
6209
6223
6241
6243
6262
6266
6276
6301
6302
6321
6325
6326
6330
6341
6347
6370
6389
6422
6423
6425
6434
6451
6462
6463
6464
6479
6489
6490
6502
6548
6551
6554
6559
6562
6572
6595
6604
6605
6609
6616
6630
6633
6646
6656
6661
6663
6664
6681
6684
6695
6716
6731
6733
6742
6758
6764
6771
6775
6777
6798
6805
6808
6813
6821
6834
6870
6882
6888
6898
6904
6932
6966
6967
6997
7015
7022
7029
7032
7036
7045
7049
7057
7069
7070
7072
7076
7093
7095
7112
7172
7174
7187
7202
7206
7222
7230
7258
7273
7289
7290
7306
7323
7331
7338
7341
7347
7350
7352
7360
7393
7450
7453
7463
7472
7473
7477
7513
7528
7529
7535
7537
7546
7548
7552
7555
7564
7565
7576
7578
7591
7633
7656
7659
7685
7693
7696
7699
7710
7737
7755
7767
7769
7776
7780
7781
7787
7826
7835
7840
7845
7852
7882
7883
7884
7898
7925
7937
7947
7949
7951
7953
7958
7975
7990
