4
26
36
43
46
61
62
63
67
70
74
91
107
118
120
141
143
169
177
199
203
213
216
219
221
225
240
241
245
252
253
255
263
272
276
293
297
306
307
312
334
348
354
357
369
400
421
424
464
478
479
494
495
499
500
507
509
523
526
527
542
560
565
570
571
577
579
585
623
635
662
670
678
682
683
688
695
696
698
704
709
723
735
741
754
758
760
771
783
798
805
806
811
815
820
833
851
867
871
882
886
887
901
909
911
924
930
940
944
957
963
967
973
984
990
995
1008
1026
1038
1050
1057
1062
1077
1080
1084
1085
1097
1098
1106
1111
1127
1145
1148
1150
1151
1159
1171
1174
1180
1181
1183
1185
1204
1206
1220
1226
1228
1241
1251
1267
1268
1282
1285
1310
1312
1320
1328
1330
1334
1335
1345
1347
1373
1377
1381
1385
1398
1403
1404
1419
1424
1438
1440
1449
1456
1463
1464
1466
1467
1494
1504
1511
1513
1517
1526
1527
1556
1564
1570
1576
1592
1594
1605
1606
1615
1638
1639
1649
1654
1663
1679
1699
1706
1709
1710
1712
1717
1744
1760
1761
1763
1765
1770
1773
1781
1783
1785
1800
1807
1825
1827
1833
1841
1856
1861
1866
1868
1869
1874
1884
1886
1888
1891
1895
1903
1914
1920
1925
1931
1938
1945
1949
1952
1969
1977
1978
1995
1996
2001
2005
2015
2024
2030
2040
2042
2044
2073
2074
2080
2092
2094
2139
2146
2149
2153
2172
2177
2179
2181
2185
2210
2214
2216
2224
2236
2237
2241
2243
2250
2256
2278
2286
2304
2323
2330
2331
2332
2341
2342
2343
2345
2352
2354
2360
2363
2370
2378
2387
2394
2396
2410
2420
2443
2452
2457
2469
2473
2475
2478
2494
2499
2503
2515
2517
2523
2524
2532
2535
2536
2550
2554
2558
2573
2574
2581
2583
2586
2588
2596
2603
2604
2605
2607
2609
2614
2615
2623
2624
2628
2642
2645
2664
2674
2683
2693
2699
2703
2708
2714
2716
2724
2726
2732
2739
2744
2750
2753
2762
2778
2784
2800
2802
2803
2826
2831
2838
2845
2846
2857
2864
2887
2888
2893
2897
2921
2926
2942
2950
2970
2972
2977
2980
3001
3010
3014
3021
3031
3045
3047
3070
3075
3080
3090
3098
3118
3119
3128
3129
3133
3151
3156
3159
3168
3176
3179
3184
3193
3194
3210
3222
3224
3229
3230
3232
3239
3242
3254
3258
3260
3264
3277
3286
3296
3301
3307
3315
3322
3324
3327
3328
3335
3337
3341
3349
3360
3368
3374
3379
3398
3412
3413
3414
3424
3425
3433
3442
3463
3474
3479
3481
3482
3491
3498
3502
3518
3521
3523
3536
3537
3542
3549
3556
3561
3592
3594
3609
3617
3619
3628
3631
3632
3667
3670
3681
3688
3694
3701
3709
3717
3730
3737
3748
3756
3759
3764
3778
3797
3799
3803
3807
3827
3837
3844
3854
3863
3871
3875
3876
3885
3898
3900
3905
3909
3917
3918
3921
3931
3939
3940
3941
3945
3947
3948
3963
3976
3985
3998
4002
4018
4021
4032
4036
4043
4054
4067
4082
4094
4106
4108
4109
4115
4122
4137
4141
4144
4148
4155
4157
4162
4164
4182
4185
4188
4190
4198
4202
4210
4215
4221
4239
4240
4241
4253
4259
4262
4277
4287
4293
4294
4295
4316
4324
4332
4356
4358
4379
4381
4386
4390
4392
4394
4401
4409
4422
4423
4435
4436
4437
4438
4439
4442
4454
4462
4467
4478
4489
4494
4499
4522
4531
4538
4547
4550
4559
4562
4564
4579
4588
4591
4593
4594
4601
4603
4604
4619
4624
4625
4629
4657
4662
4663
4682
4687
4700
4706
4707
4717
4739
4740
4746
4749
4753
4772
4779
4793
4800
4802
4806
4826
4832
4842
4852
4854
4855
4860
4861
4871
4880
4884
4892
4904
4908
4909
4913
4914
4923
4943
4953
4967
4970
4974
4978
4980
4985
4997
4998
5001
5004
5008
5016
5026
5030
5038
5042
5059
5066
5067
5069
5075
5094
5099
5111
5112
5116
5132
5141
5148
5157
5161
5164
5167
5174
5184
5191
5209
5212
5221
5227
5235
5242
5247
5253
5277
5284
5290
5291
5296
5304
5305
5331
5333
5337
5339
5346
5347
5353
5354
5356
5362
5372
5377
5390
5399
5401
5404
5416
5429
5434
5439
5442
5449
5451
5455
5459
5468
5469
5476
5480
5491
5496
5499
5500
5520
5526
5528
5531
5532
5534
5542
5544
5550
5551
5566
5578
5592
5594
5595
5601
5623
5644
5648
5650
5652
5661
5675
5680
5681
5686
5690
5693
5696
5707
5715
5728
5731
5736
5739
5745
5750
5766
5768
5769
5770
5773
5775
5777
5778
5788
5795
5798
5801
5806
5818
5819
5821
5831
5838
5839
5850
5856
5859
5867
5874
5887
5888
5902
5916
5931
5935
5941
5943
5947
5951
5956
5961
5962
5966
5977
5985
5993
5997
6005
6013
6017
6018
6026
6030
6035
6036
6046
6047
6052
6054
6064
6067
6074
6079
6088
6093
6106
6115
6125
6138
6143
6144
6145
6179
6186
6193
6209
6217
6223
6228
6231
6241
6243
6262
6266
6275
6276
6277
6278
6293
6294
6300
6301
6302
6304
6315
6321
6325
6326
6341
6347
6364
6369
6370
6372
6381
6389
6399
6402
6419
6422
6423
6425
6432
6434
6449
6451
6462
6463
6464
6479
6489
6490
6492
6494
6497
6508
6548
6551
6554
6559
6560
6562
6572
6584
6593
6595
6604
6605
6609
6616
6630
6633
6638
6646
6648
6656
6661
6664
6668
6669
6678
6681
6684
6689
6695
6712
6716
6721
6731
6733
6742
6743
6758
6764
6771
6775
6776
6777
6788
6798
6804
6805
6808
6813
6821
6822
6834
6836
6855
6870
6875
6882
6888
6890
6898
6902
6904
6921
6923
6925
6932
6959
6966
6967
6970
6992
6997
7002
7015
7022
7027
7029
7032
7036
7045
7049
7057
7069
7070
7072
7076
7091
7093
7095
7108
7112
7151
7172
7174
7176
7180
7187
7202
7203
7206
7222
7225
7230
7254
7258
7273
7289
7290
7306
7307
7312
7323
7331
7335
7338
7341
7342
7347
7350
7352
7360
7388
7393
7410
7415
7416
7423
7428
7440
7448
7450
7453
7463
7466
7472
7473
7477
7484
7506
7513
7518
7528
7529
7534
7535
7539
7546
7548
7552
7555
7564
7565
7569
7576
7578
7591
7597
7598
7603
7615
7629
7633
7647
7656
7659
7685
7689
7692
7696
7699
7705
7710
7718
7726
7737
7741
7744
7767
7776
7780
7781
7787
7820
7824
7826
7835
7840
7842
7845
7852
7856
7875
7882
7883
7884
7898
7904
7905
7925
7932
7937
7940
7947
7949
7951
7952
7953
7958
7963
7964
7969
7975
7990
