4
48
63
70
74
115
120
169
177
216
240
252
297
306
307
348
354
361
366
408
443
464
494
500
509
527
562
570
571
585
623
631
662
682
683
696
754
760
765
805
815
871
872
882
886
909
924
930
940
942
957
963
1050
1053
1055
1057
1080
1145
1148
1150
1174
1180
1181
1185
1226
1241
1251
1268
1306
1403
1411
1419
1424
1438
1440
1464
1489
1506
1517
1564
1606
1615
1639
1663
1693
1696
1699
1704
1728
1744
1760
1773
1785
1827
1834
1841
1856
1861
1884
1886
1888
1891
1903
1931
1938
1945
1969
1995
1996
2024
2040
2073
2092
2094
2128
2138
2139
2140
2146
2150
2179
2224
2229
2241
2250
2278
2323
2331
2345
2360
2378
2387
2394
2410
2443
2452
2457
2473
2475
2494
2515
2532
2550
2573
2583
2604
2605
2607
2615
2617
2623
2628
2645
2674
2683
2694
2703
2716
2724
2726
2744
2762
2776
2800
2802
2817
2838
2846
2872
2887
2888
2893
2900
2950
2977
2987
3010
3031
3045
3051
3075
3080
3144
3168
3184
3208
3210
3229
3242
3301
3324
3328
3374
3379
3398
3412
3413
3425
3433
3442
3474
3484
3502
3526
3536
3537
3549
3631
3681
3688
3694
3717
3736
3737
3752
3756
3768
3797
3801
3807
3815
3837
3871
3875
3898
3900
3909
3917
3918
3921
3931
3939
3945
3948
3971
3995
4074
4082
4106
4132
4185
4188
4198
4202
4241
4259
4262
4277
4287
4294
4324
4356
4385
4390
4392
4401
4423
4435
4436
4437
4439
4494
4519
4550
4559
4571
4617
4619
4625
4629
4662
4682
4706
4739
4749
4772
4793
4802
4826
4852
4880
4892
4911
4923
4931
4974
4997
5004
5038
5094
5164
5191
5200
5221
5242
5253
5263
5277
5296
5307
5331
5346
5353
5377
5399
5401
5404
5416
5428
5439
5449
5490
5491
5500
5531
5532
5542
5557
5566
5579
5592
5595
5619
5648
5652
5661
5680
5681
5693
5728
5731
5736
5749
5764
5766
5777
5778
5819
5838
5839
5856
5874
5887
5902
5935
5947
5961
5993
5997
6005
6018
6030
6035
6036
6054
6079
6093
6128
6138
6186
6190
6191
6193
6203
6217
6228
6231
6275
6277
6278
6293
6294
6300
6304
6315
6324
6364
6369
6372
6381
6386
6399
6402
6419
6432
6449
6471
6492
6494
6497
6508
6560
6568
6584
6593
6596
6599
6638
6648
6668
6669
6678
6689
6712
6721
6743
6776
6788
6804
6822
6836
6855
6875
6890
6902
6921
6923
6925
6954
6959
6970
6992
7002
7003
7006
7027
7077
7091
7106
7108
7143
7151
7176
7180
7203
7225
7239
7240
7254
7307
7312
7335
7342
7355
7388
7410
7415
7416
7423
7428
7440
7448
7466
7484
7506
7518
7534
7539
7569
7597
7598
7603
7615
7626
7629
7647
7687
7689
7692
7705
7718
7719
7726
7741
7744
7765
7820
7824
7842
7856
7875
7892
7904
7905
7910
7932
7940
7952
7963
7964
7969
7976
