0
5
12
13
24
29
32
34
39
49
50
81
84
110
134
136
146
158
166
180
183
186
189
196
231
233
246
254
269
275
285
286
287
291
311
314
321
330
342
343
363
365
372
377
383
403
406
428
430
431
434
450
467
473
514
517
544
555
563
564
573
575
587
610
614
616
624
654
711
727
730
739
751
761
772
774
775
776
782
784
787
795
801
804
822
824
830
843
860
870
897
905
912
916
926
936
943
946
947
948
960
976
983
1014
1023
1039
1051
1063
1069
1076
1081
1088
1110
1117
1118
1120
1130
1136
1139
1141
1158
1188
1199
1200
1210
1211
1213
1215
1216
1227
1233
1235
1274
1286
1290
1291
1292
1298
1299
1304
1329
1342
1344
1359
1361
1362
1391
1395
1401
1408
1423
1426
1430
1431
1444
1450
1461
1470
1507
1520
1531
1537
1540
1542
1543
1546
1572
1573
1585
1598
1607
1611
1613
1614
1617
1619
1642
1643
1644
1667
1672
1681
1689
1692
1695
1711
1715
1718
1721
1733
1753
1768
1769
1778
1784
1789
1794
1799
1801
1806
1812
1816
1819
1831
1835
1836
1838
1843
1875
1880
1883
1890
1897
1898
1905
1909
1926
1940
1944
1963
1966
1967
1970
1972
1981
1997
2003
2021
2032
2035
2041
2045
2051
2053
2066
2070
2072
2089
2090
2120
2143
2152
2191
2196
2211
2217
2227
2240
2246
2254
2261
2265
2268
2299
2300
2307
2311
2320
2362
2369
2374
2380
2389
2390
2397
2399
2402
2406
2414
2418
2423
2424
2434
2454
2458
2468
2472
2477
2480
2492
2508
2510
2519
2537
2544
2547
2565
2576
2577
2578
2591
2594
2595
2599
2606
2608
2619
2621
2622
2636
2658
2659
2670
2691
2696
2700
2705
2711
2712
2718
2740
2742
2775
2777
2779
2780
2785
2804
2808
2821
2839
2847
2850
2853
2858
2868
2877
2889
2894
2895
2901
2902
2912
2918
2919
2930
2937
2938
2948
2957
2958
2961
2973
3009
3019
3023
3025
3033
3050
3055
3062
3066
3068
3069
3086
3100
3108
3111
3113
3116
3125
3127
3131
3140
3141
3149
3150
3155
3162
3164
3165
3174
3192
3197
3204
3209
3212
3214
3215
3240
3244
3246
3252
3269
3273
3274
3280
3287
3295
3304
3346
3366
3367
3375
3381
3387
3390
3407
3423
3435
3450
3453
3459
3465
3470
3480
3483
3499
3506
3511
3515
3520
3525
3527
3529
3546
3548
3550
3559
3572
3576
3582
3586
3588
3589
3608
3610
3612
3620
3636
3644
3652
3662
3669
3674
3683
3687
3693
3695
3696
3703
3716
3718
3722
3749
3753
3757
3760
3775
3793
3814
3816
3822
3834
3843
3856
3861
3864
3869
3873
3902
3904
3915
3924
3928
3949
3951
3961
3972
3979
3980
3989
4009
4011
4013
4016
4022
4023
4025
4042
4046
4049
4058
4063
4072
4073
4075
4076
4077
4079
4081
4089
4092
4099
4110
4117
4131
4136
4138
4145
4149
4151
4165
4168
4173
4174
4177
4180
4183
4194
4196
4209
4211
4227
4236
4237
4251
4264
4270
4273
4275
4276
4300
4302
4315
4339
4342
4345
4348
4353
4360
4369
4372
4374
4375
4383
4389
4408
4415
4428
4430
4433
4448
4468
4469
4474
4482
4495
4511
4515
4525
4529
4530
4540
4543
4561
4575
4578
4584
4587
4589
4610
4611
4632
4635
4647
4651
4654
4664
4667
4669
4680
4685
4703
4705
4721
4727
4728
4732
4747
4752
4759
4776
4780
4782
4787
4803
4808
4817
4853
4856
4863
4869
4888
4916
4927
4929
4935
4941
4942
4946
4954
4955
4957
4983
4999
5014
5018
5023
5032
5043
5048
5055
5070
5074
5077
5080
5083
5087
5088
5095
5100
5101
5103
5104
5120
5122
5123
5142
5155
5163
5178
5183
5187
5202
5205
5210
5233
5236
5237
5244
5245
5258
5265
5269
5275
5282
5286
5293
5295
5298
5313
5325
5330
5332
5348
5363
5371
5391
5394
5398
5403
5410
5412
5438
5445
5446
5454
5458
5475
5502
5505
5506
5507
5512
5513
5521
5522
5527
5529
5552
5555
5562
5564
5588
5590
5597
5610
5617
5624
5642
5651
5666
5671
5672
5676
5699
5701
5721
5752
5755
5757
5772
5787
5807
5814
5827
5832
5848
5849
5851
5865
5868
5875
5877
5886
5890
5892
5897
5907
5915
5919
5952
5964
5971
5984
5987
5992
6031
6041
6042
6044
6049
6053
6062
6069
6078
6100
6103
6105
6107
6108
6111
6117
6148
6155
6158
6162
6183
6192
6219
6226
6230
6234
6244
6248
6249
6256
6264
6269
6271
6285
6288
6306
6307
6314
6329
6335
6337
6340
6352
6353
6356
6363
6379
6383
6396
6406
6412
6438
6440
6442
6443
6446
6453
6474
6480
6488
6491
6493
6498
6514
6532
6541
6549
6553
6556
6561
6582
6586
6594
6623
6632
6634
6645
6650
6651
6652
6663
6667
6680
6701
6711
6724
6726
6748
6749
6751
6757
6773
6806
6815
6818
6825
6826
6842
6845
6848
6850
6880
6896
6927
6937
6943
6945
6955
6974
6995
7000
7028
7030
7034
7037
7044
7052
7053
7059
7064
7067
7075
7087
7098
7110
7113
7115
7125
7128
7140
7145
7148
7154
7155
7164
7168
7170
7173
7183
7208
7218
7221
7229
7231
7232
7235
7246
7247
7253
7261
7270
7292
7308
7317
7318
7321
7322
7327
7333
7334
7337
7366
7368
7369
7382
7391
7404
7418
7420
7424
7427
7436
7437
7442
7444
7454
7461
7467
7471
7492
7493
7494
7498
7505
7522
7523
7538
7544
7566
7582
7584
7588
7602
7606
7613
7616
7635
7648
7654
7658
7664
7666
7673
7704
7721
7730
7734
7735
7736
7740
7743
7745
7749
7754
7755
7756
7763
7795
7800
7802
7805
7806
7817
7818
7819
7828
7839
7841
7849
7866
7876
7885
7887
7896
7903
7906
7909
7917
7933
7934
7945
7977
7994
7997
